0 523385 0.235438939316
1 1399064 0.864792367853
2 205823 0.957379562379
3 49353 0.979580462236
4 18291 0.987808465788
5 9192 0.991943385074
6 4874 0.994135899934
7 2727 0.995362610649
8 1901 0.996217754422
9 1479 0.996883066174
10 942 0.99730681443
11 616 0.9975839152
12 570 0.99784032338
13 444 0.998040051857
14 342 0.998193896766
15 237 0.998300508588
16 253 0.998414317833
17 184 0.998497088193
18 151 0.998565013869
19 171 0.998641936323
20 183 0.998724256844
21 149 0.998791282842
22 131 0.998850211739
23 128 0.99890779112
24 106 0.998955474045
25 127 0.999012603587
26 100 0.999057587478
27 86 0.999096273624
28 87 0.99913540961
29 82 0.999172296401
30 91 0.999213231742
31 61 0.999240671915
32 48 0.999262264183
33 61 0.999289704357
34 56 0.999314895336
35 66 0.999344584704
36 40 0.999362578261
37 32 0.999376973106
38 39 0.999394516824
39 26 0.999406212635
40 16 0.999413410058
41 29 0.999426455386
42 20 0.999435452165
43 11 0.999440400393
44 28 0.999452995882
45 19 0.999461542822
46 16 0.999468740244
47 33 0.999483584928
48 24 0.999494381062
49 19 0.999502928001
50 15 0.999509675585
51 12 0.999515073652
52 12 0.999520471719
53 16 0.999527669142
54 10 0.999532167531
55 10 0.99953666592
56 20 0.999545662698
57 14 0.999551960443
58 14 0.999558258188
59 16 0.99956545561
60 8 0.999569054322
61 5 0.999571303516
62 5 0.999573552711
63 8 0.999577151422
64 12 0.999582549489
65 7 0.999585698361
66 5 0.999587947556
67 20 0.999596944334
68 14 0.999603242079
69 8 0.99960684079
70 56 0.999632031769
71 46 0.999652724359
72 11 0.999657672587
73 5 0.999659921782
74 4 0.999661721138
75 15 0.999668468721
76 8 0.999672067433
77 9 0.999676115983
78 9 0.999680164533
79 3 0.99968151405
80 3 0.999682863567
81 1 0.999683313405
82 3 0.999684662922
83 3 0.999686012439
84 5 0.999688261634
85 14 0.999694559378
86 7 0.999697708251
87 4 0.999699507606
88 3 0.999700857123
89 2 0.999701756801
90 4 0.999703556157
91 3 0.999704905673
92 2 0.999705805351
93 1 0.99970625519
94 2 0.999707154868
95 4 0.999708954223
96 5 0.999711203418
97 4 0.999713002774
98 3 0.99971435229
99 2 0.999715251968
100 4 0.999717051324
101 3 0.999718400841
102 1 0.99971885068
103 5 0.999721099874
104 2 0.999721999552
105 2 0.99972289923
106 2 0.999723798908
107 4 0.999725598263
108 4 0.999727397619
109 3 0.999728747136
111 2 0.999729646813
112 1 0.999730096652
113 2 0.99973099633
114 1 0.999731446169
115 3 0.999732795686
116 1 0.999733245525
117 1 0.999733695364
118 2 0.999734595042
119 2 0.999735494719
120 2 0.999736394397
121 2 0.999737294075
122 3 0.999738643592
123 1 0.999739093431
124 3 0.999740442947
125 33 0.999755287631
126 17 0.999762934893
127 8 0.999766533604
128 9 0.999770582155
129 6 0.999773281188
130 7 0.99977643006
131 1 0.999776879899
132 6 0.999779578933
133 8 0.999783177644
134 3 0.999784527161
135 2 0.999785426839
137 3 0.999786776355
138 5 0.99978902555
139 2 0.999789925228
140 3 0.999791274745
141 3 0.999792624261
142 3 0.999793973778
143 2 0.999794873456
144 6 0.999797572489
145 2 0.999798472167
146 1 0.999798922006
147 4 0.999800721362
148 1 0.999801171201
149 3 0.999802520717
150 2 0.999803420395
151 3 0.999804769912
152 3 0.999806119429
153 2 0.999807019106
155 2 0.999807918784
157 2 0.999808818462
158 1 0.999809268301
159 4 0.999811067657
160 3 0.999812417173
161 5 0.999814666368
163 4 0.999816465724
164 3 0.99981781524
165 3 0.999819164757
166 6 0.999821863791
167 2 0.999822763468
168 4 0.999824562824
169 2 0.999825462502
170 2 0.99982636218
171 2 0.999827261858
173 1 0.999827711696
174 1 0.999828161535
179 1 0.999828611374
182 4 0.99983041073
183 3 0.999831760247
184 1 0.999832210086
186 2 0.999833109763
187 4 0.999834909119
189 1 0.999835358958
190 1 0.999835808797
193 2 0.999836708475
194 1 0.999837158314
196 1 0.999837608153
197 2 0.99983850783
199 2 0.999839407508
200 2 0.999840307186
201 2 0.999841206864
202 1 0.999841656703
203 1 0.999842106542
204 2 0.999843006219
205 3 0.999844355736
206 4 0.999846155092
207 5 0.999848404286
208 2 0.999849303964
210 3 0.999850653481
212 3 0.999852002998
213 1 0.999852452837
214 3 0.999853802353
215 1 0.999854252192
216 1 0.999854702031
218 1 0.99985515187
219 2 0.999856051548
220 1 0.999856501387
225 1 0.999856951226
227 1 0.999857401065
228 2 0.999858300743
231 2 0.99985920042
234 2 0.999860100098
235 1 0.999860549937
237 3 0.999861899454
238 1 0.999862349293
239 1 0.999862799132
246 1 0.999863248971
248 1 0.999863698809
252 1 0.999864148648
254 1 0.999864598487
255 2 0.999865498165
256 1 0.999865948004
259 1 0.999866397843
260 1 0.999866847682
261 1 0.999867297521
262 3 0.999868647037
263 5 0.999870896232
264 5 0.999873145427
265 14 0.999879443171
266 8 0.999883041883
267 3 0.999884391399
269 2 0.999885291077
270 2 0.999886190755
271 1 0.999886640594
272 1 0.999887090433
273 1 0.999887540272
283 1 0.999887990111
290 1 0.99988843995
295 1 0.999888889789
301 1 0.999889339627
302 4 0.999891138983
303 1 0.999891588822
304 1 0.999892038661
306 1 0.9998924885
311 1 0.999892938339
318 2 0.999893838017
323 1 0.999894287856
325 1 0.999894737694
326 1 0.999895187533
330 1 0.999895637372
331 5 0.999897886567
334 1 0.999898336406
344 1 0.999898786245
348 1 0.999899236084
349 1 0.999899685922
355 1 0.999900135761
379 1 0.9999005856
380 2 0.999901485278
391 1 0.999901935117
392 1 0.999902384956
406 1 0.999902834795
408 1 0.999903284634
413 1 0.999903734473
422 1 0.999904184312
423 1 0.999904634151
424 1 0.999905083989
431 1 0.999905533828
439 1 0.999905983667
440 1 0.999906433506
452 1 0.999906883345
461 1 0.999907333184
464 1 0.999907783023
478 1 0.999908232862
483 1 0.999908682701
489 2 0.999909582379
505 1 0.999910032217
519 1 0.999910482056
525 2 0.999911381734
526 1 0.999911831573
548 1 0.999912281412
562 1 0.999912731251
595 1 0.99991318109
658 1 0.999913630929
668 1 0.999914080768
777 1 0.999914530607
798 1 0.999914980445
851 1 0.999915430284
860 1 0.999915880123
908 1 0.999916329962
977 1 0.999916779801
983 1 0.99991722964
988 1 0.999917679479
991 2 0.999918579157
998 2 0.999919478835
999 2 0.999920378512
1001 1 0.999920828351
1002 1 0.99992127819
1003 1 0.999921728029
1006 1 0.999922177868
1016 1 0.999922627707
1020 2 0.999923527385
1021 134 0.999983805799
1024 1 0.999984255638
1031 1 0.999984705477
1033 1 0.999985155316
1038 1 0.999985605155
1047 1 0.999986054994
1084 1 0.999986504833
1146 1 0.999986954672
1186 1 0.99998740451
1250 2 0.999988304188
1278 1 0.999988754027
1279 13 0.999994601933
1520 1 0.999995051772
1641 1 0.999995501611
1676 1 0.99999595145
1823 1 0.999996401289
1860 1 0.999996851128
1903 1 0.999997300967
2052 1 0.999997750805
3022 1 0.999998200644
4053 1 0.999998650483
4217 1 0.999999100322
9621 1 0.999999550161
12366 1 1.0
