0 631 0.115356489945
1 1409 0.372943327239
2 658 0.49323583181
3 402 0.566727605119
4 302 0.621937842779
5 270 0.671297989031
6 203 0.708409506399
7 162 0.73802559415
8 152 0.765813528336
9 126 0.788848263254
10 92 0.805667276051
11 93 0.822669104205
12 63 0.834186471664
13 59 0.844972577697
14 51 0.854296160878
15 38 0.861243144424
16 42 0.868921389397
17 28 0.874040219378
18 31 0.87970749543
19 29 0.885009140768
20 23 0.889213893967
21 32 0.895063985375
22 26 0.899817184644
23 16 0.902742230347
24 23 0.906946983547
25 22 0.910968921389
26 15 0.913711151737
27 20 0.917367458867
28 24 0.921755027422
29 16 0.924680073126
30 17 0.927787934186
31 8 0.929250457038
32 13 0.931627056673
33 12 0.933820840951
34 9 0.935466179159
35 14 0.93802559415
36 9 0.939670932358
37 7 0.940950639854
38 8 0.942413162706
39 5 0.943327239488
40 3 0.943875685558
41 9 0.945521023766
42 3 0.946069469835
43 5 0.946983546618
44 5 0.9478976234
45 4 0.948628884826
46 5 0.949542961609
47 7 0.950822669104
48 4 0.95155393053
49 4 0.952285191956
50 7 0.953564899452
51 4 0.954296160878
52 4 0.955027422303
53 2 0.955393053016
54 5 0.956307129799
55 2 0.956672760512
56 5 0.957586837294
57 4 0.95831809872
58 5 0.959232175503
59 6 0.960329067642
60 4 0.961060329068
61 2 0.961425959781
63 2 0.961791590494
64 1 0.96197440585
65 1 0.962157221207
66 2 0.96252285192
67 4 0.963254113346
68 3 0.963802559415
69 2 0.964168190128
70 1 0.964351005484
71 2 0.964716636197
72 2 0.96508226691
73 2 0.965447897623
74 1 0.96563071298
75 2 0.965996343693
76 1 0.966179159049
77 1 0.966361974406
78 1 0.966544789762
79 2 0.966910420475
83 1 0.967093235832
85 1 0.967276051188
86 1 0.967458866545
87 1 0.967641681901
88 1 0.967824497258
90 1 0.968007312614
91 1 0.968190127971
95 2 0.968555758684
96 2 0.968921389397
97 2 0.96928702011
98 1 0.969469835466
105 1 0.969652650823
107 2 0.970018281536
108 1 0.970201096892
113 1 0.970383912249
114 1 0.970566727605
116 1 0.970749542962
118 1 0.970932358318
120 1 0.971115173675
122 1 0.971297989031
123 1 0.971480804388
124 1 0.971663619744
125 1 0.971846435101
126 1 0.972029250457
127 2 0.97239488117
129 1 0.972577696527
130 2 0.972943327239
132 1 0.973126142596
133 2 0.973491773309
137 1 0.973674588665
138 2 0.974040219378
140 1 0.974223034735
141 1 0.974405850091
142 1 0.974588665448
144 1 0.974771480804
149 1 0.974954296161
152 2 0.975319926874
153 1 0.97550274223
158 1 0.975685557587
159 1 0.975868372943
163 1 0.9760511883
164 2 0.976416819013
166 1 0.976599634369
168 2 0.976965265082
183 2 0.977330895795
186 2 0.977696526508
187 1 0.977879341865
199 1 0.978062157221
201 1 0.978244972578
205 2 0.978610603291
206 1 0.978793418647
207 1 0.978976234004
210 1 0.97915904936
215 1 0.979341864717
220 1 0.979524680073
231 1 0.97970749543
237 1 0.979890310786
239 1 0.980073126143
254 1 0.980255941499
259 1 0.980438756856
265 1 0.980621572212
269 2 0.980987202925
283 1 0.981170018282
290 1 0.981352833638
306 1 0.981535648995
311 1 0.981718464351
318 2 0.982084095064
330 1 0.98226691042
331 1 0.982449725777
348 1 0.982632541133
379 1 0.98281535649
380 1 0.982998171846
392 1 0.983180987203
464 1 0.983363802559
489 1 0.983546617916
526 1 0.983729433272
548 1 0.983912248629
658 1 0.984095063985
1020 2 0.984460694698
1021 64 0.996160877514
1031 1 0.99634369287
1038 1 0.996526508227
1047 1 0.996709323583
1084 1 0.99689213894
1146 1 0.997074954296
1250 1 0.997257769653
1278 1 0.997440585009
1279 12 0.999634369287
1860 1 0.999817184644
12366 1 1.0
