0 654264 0.256320912792
1 1588685 0.878719805808
2 215537 0.96316070517
3 47840 0.981902975061
4 18514 0.989156202167
5 9740 0.992972040561
6 5215 0.995015120358
7 2889 0.99614694347
8 1899 0.996890914426
9 1386 0.997433907446
10 887 0.997781407308
11 618 0.998023521079
12 497 0.998218230697
13 364 0.998360834924
14 269 0.998466221015
15 180 0.998536739589
16 214 0.998620578338
17 178 0.998690313373
18 125 0.998739284605
19 174 0.99880745256
20 169 0.998873661665
21 119 0.998920282278
22 135 0.998973171209
23 114 0.999017832972
24 101 0.999057401727
25 137 0.999111074198
26 101 0.999150642953
27 115 0.999195696486
28 63 0.999220377987
29 70 0.999247801877
30 86 0.999281494085
31 48 0.999300299038
32 46 0.999318320451
33 53 0.999339084254
34 72 0.999367291683
35 63 0.999391973184
36 28 0.99940294274
37 26 0.999413128756
38 27 0.999423706542
39 18 0.9994307584
40 9 0.999434284329
41 25 0.999444078575
42 18 0.999451130432
43 9 0.999454656361
44 14 0.999460141139
45 15 0.999466017687
46 15 0.999471894235
47 33 0.99948482264
48 27 0.999495400426
49 18 0.999502452283
50 12 0.999507153522
51 8 0.999510287681
52 15 0.999516164228
53 20 0.999523999625
54 7 0.999526742014
55 9 0.999530267943
56 18 0.999537319801
57 11 0.999541629269
58 16 0.999547897587
59 12 0.999552598825
60 9 0.999556124754
61 6 0.999558475373
62 8 0.999561609532
63 10 0.99956552723
64 14 0.999571012008
65 5 0.999572970857
66 4 0.999574537937
67 17 0.999581198024
68 9 0.999584723953
69 9 0.999588249882
70 57 0.999610580764
71 43 0.999627426867
72 10 0.999631344566
73 3 0.999632519875
74 5 0.999634478725
75 18 0.999641530582
76 7 0.999644272971
77 10 0.99964819067
78 7 0.999650933059
80 4 0.999652500138
82 4 0.999654067218
83 3 0.999655242527
84 5 0.999657201376
85 14 0.999662686154
86 8 0.999665820313
87 3 0.999666995623
88 2 0.999667779162
89 3 0.999668954472
90 7 0.999671696861
91 4 0.99967326394
92 1 0.99967365571
93 2 0.99967443925
94 5 0.999676398099
95 1 0.999676789869
96 3 0.999677965179
97 2 0.999678748718
98 4 0.999680315798
99 1 0.999680707568
100 6 0.999683058187
101 2 0.999683841727
102 2 0.999684625266
103 5 0.999686584116
104 5 0.999688542965
105 2 0.999689326505
106 4 0.999690893584
107 3 0.999692068894
108 4 0.999693635973
109 3 0.999694811283
111 2 0.999695594822
112 1 0.999695986592
113 2 0.999696770132
114 3 0.999697945441
115 4 0.999699512521
116 2 0.99970029606
117 2 0.9997010796
118 8 0.999704213759
120 2 0.999704997299
121 2 0.999705780838
122 2 0.999706564378
123 3 0.999707739688
124 5 0.999709698537
125 61 0.999733596498
126 17 0.999740256586
127 10 0.999744174284
128 12 0.999748875523
129 4 0.999750442602
130 8 0.999753576761
131 3 0.99975475207
132 7 0.999757494459
133 8 0.999760628618
134 5 0.999762587468
135 3 0.999763762777
136 1 0.999764154547
137 3 0.999765329857
138 5 0.999767288706
139 2 0.999768072245
141 4 0.999769639325
142 2 0.999770422865
143 2 0.999771206404
144 6 0.999773557023
145 2 0.999774340563
146 2 0.999775124103
147 4 0.999776691182
148 1 0.999777082952
149 4 0.999778650032
150 1 0.999779041801
151 3 0.999780217111
152 2 0.999781000651
153 1 0.999781392421
154 1 0.99978178419
155 1 0.99978217596
157 2 0.9997829595
159 4 0.999784526579
160 5 0.999786485429
161 2 0.999787268968
163 3 0.999788444278
164 2 0.999789227818
165 2 0.999790011357
166 8 0.999793145516
167 4 0.999794712596
168 1 0.999795104366
169 11 0.999799413834
170 2 0.999800197374
171 2 0.999800980913
172 2 0.999801764453
173 2 0.999802547993
174 2 0.999803331532
178 1 0.999803723302
179 2 0.999804506842
180 1 0.999804898612
181 1 0.999805290382
182 2 0.999806073921
183 1 0.999806465691
186 2 0.999807249231
187 4 0.99980881631
190 1 0.99980920808
192 1 0.99980959985
193 1 0.99980999162
194 1 0.99981038339
196 1 0.99981077516
197 2 0.999811558699
199 2 0.999812342239
200 3 0.999813517549
201 3 0.999814692858
202 2 0.999815476398
203 1 0.999815868168
204 1 0.999816259938
205 3 0.999817435247
206 3 0.999818610557
207 4 0.999820177636
208 2 0.999820961176
209 1 0.999821352946
210 4 0.999822920025
212 3 0.999824095335
213 1 0.999824487105
214 3 0.999825662414
216 1 0.999826054184
217 1 0.999826445954
219 2 0.999827229494
220 1 0.999827621264
222 1 0.999828013033
225 1 0.999828404803
227 1 0.999828796573
228 3 0.999829971883
230 2 0.999830755422
231 2 0.999831538962
234 1 0.999831930732
235 1 0.999832322502
236 1 0.999832714272
237 1 0.999833106042
238 1 0.999833497811
239 1 0.999833889581
246 3 0.999835064891
248 1 0.999835456661
252 3 0.99983663197
255 1 0.99983702374
256 1 0.99983741551
257 1 0.99983780728
259 1 0.99983819905
260 2 0.999838982589
261 1 0.999839374359
262 6 0.999841724978
263 7 0.999844467367
264 4 0.999846034447
265 14 0.999851519225
266 9 0.999855045153
267 1 0.999855436923
269 4 0.999857004003
271 1 0.999857395773
272 1 0.999857787542
273 1 0.999858179312
287 1 0.999858571082
295 1 0.999858962852
301 1 0.999859354622
302 4 0.999860921701
303 1 0.999861313471
304 1 0.999861705241
311 1 0.999862097011
316 1 0.999862488781
323 3 0.99986366409
325 1 0.99986405586
326 1 0.99986444763
330 4 0.999866014709
331 5 0.999867973559
334 1 0.999868365329
344 1 0.999868757098
345 1 0.999869148868
348 1 0.999869540638
349 1 0.999869932408
355 1 0.999870324178
359 1 0.999870715948
366 1 0.999871107718
379 2 0.999871891257
380 2 0.999872674797
391 1 0.999873066567
399 1 0.999873458337
405 1 0.999873850106
406 1 0.999874241876
413 1 0.999874633646
422 1 0.999875025416
423 1 0.999875417186
424 1 0.999875808956
430 1 0.999876200726
431 1 0.999876592495
439 2 0.999877376035
451 1 0.999877767805
459 1 0.999878159575
461 1 0.999878551345
472 2 0.999879334884
483 1 0.999879726654
504 3 0.999880901964
505 1 0.999881293734
510 1 0.999881685504
519 2 0.999882469043
523 1 0.999882860813
525 1 0.999883252583
526 1 0.999883644353
562 1 0.999884036123
595 1 0.999884427893
613 1 0.999884819662
668 1 0.999885211432
728 1 0.999885603202
777 1 0.999885994972
794 1 0.999886386742
798 1 0.999886778512
832 2 0.999887562051
843 1 0.999887953821
849 1 0.999888345591
860 1 0.999888737361
908 1 0.999889129131
977 1 0.999889520901
983 1 0.999889912671
985 1 0.99989030444
987 1 0.99989069621
991 2 0.99989147975
995 1 0.99989187152
996 1 0.99989226329
997 2 0.999893046829
998 3 0.999894222139
999 5 0.999896180988
1000 2 0.999896964528
1002 1 0.999897356298
1006 1 0.999897748068
1013 1 0.999898139838
1020 62 0.999922429569
1021 139 0.999976885579
1026 1 0.999977277348
1027 1 0.999977669118
1031 1 0.999978060888
1040 1 0.999978452658
1049 1 0.999978844428
1066 1 0.999979236198
1078 2 0.999980019737
1172 1 0.999980411507
1179 1 0.999980803277
1250 2 0.999981586817
1278 18 0.999988638674
1279 14 0.999994123452
1349 1 0.999994515222
1384 1 0.999994906992
1405 1 0.999995298762
1520 1 0.999995690532
1631 1 0.999996082301
1641 1 0.999996474071
1676 1 0.999996865841
1684 1 0.999997257611
1823 1 0.999997649381
1903 1 0.999998041151
1954 1 0.999998432921
2052 1 0.99999882469
3609 1 0.99999921646
4053 1 0.99999960823
12366 1 1.0
